<DOCTYPE html>
  <html>
 <head>
<meta charset="utf-8">
<meta name="viewport"content="width=device-width,user-scalable=no">
<title>Hoja de Vida</title>
 </head>
<body>
  <svg version="1.0" xmlns="http://www.w3.org/2000/svg"
   width="100.000000pt" height="100.000000pt" viewBox="0 0 225.000000 225.000000"
   preserveAspectRatio="xMidYMid meet">
  <metadata>
  Created by potrace 1.15, written by Peter Selinger 2001-2017
  </metadata>
  <g transform="translate(0.000000,225.000000) scale(0.100000,-0.100000)"
  fill="#000000" stroke="none">
  <path d="M1045 2236 c-14 -10 -25 -11 -42 -3 -17 8 -30 7 -49 -4 -14 -7 -40
  -12 -56 -10 -17 1 -37 -4 -48 -14 -13 -12 -28 -15 -47 -11 -22 5 -34 2 -48
  -14 -10 -11 -30 -20 -45 -20 -15 0 -35 -9 -45 -20 -10 -11 -31 -20 -46 -20
  -19 0 -34 -8 -45 -25 -11 -17 -26 -25 -44 -25 -19 0 -30 -7 -38 -24 -6 -14
  -23 -27 -40 -31 -20 -4 -34 -16 -42 -34 -8 -19 -21 -31 -40 -34 -19 -4 -30
  -14 -34 -31 -3 -14 -19 -32 -35 -41 -17 -8 -31 -25 -33 -37 -2 -13 -15 -29
  -30 -36 -19 -9 -28 -21 -28 -37 0 -15 -11 -32 -30 -45 -22 -15 -30 -30 -30
  -50 0 -19 -7 -33 -20 -40 -14 -8 -20 -21 -20 -45 0 -24 -6 -37 -20 -45 -15 -8
  -20 -20 -18 -44 1 -21 -5 -40 -15 -51 -13 -12 -16 -26 -12 -49 5 -24 2 -36
  -13 -49 -17 -15 -18 -23 -9 -46 8 -22 7 -33 -6 -50 -12 -18 -13 -30 -5 -51 6
  -20 6 -35 -2 -50 -9 -16 -9 -29 0 -49 7 -18 8 -36 2 -52 -7 -17 -5 -31 6 -51
  12 -21 13 -32 4 -52 -9 -20 -7 -27 9 -42 16 -14 19 -26 14 -50 -4 -23 -1 -37
  12 -49 10 -11 16 -30 15 -51 -2 -24 3 -36 18 -44 14 -8 20 -21 20 -45 0 -24 6
  -37 20 -45 13 -7 20 -21 20 -40 0 -20 8 -35 30 -50 19 -13 30 -30 30 -45 0
  -16 9 -28 27 -37 15 -7 30 -24 33 -38 3 -14 18 -31 33 -38 15 -7 30 -24 33
  -38 4 -17 15 -27 34 -31 19 -3 32 -15 40 -34 8 -18 22 -30 42 -34 17 -4 34
  -17 40 -31 8 -17 19 -24 38 -24 18 0 33 -8 44 -25 11 -17 26 -25 45 -25 15 0
  36 -9 46 -20 10 -11 30 -20 45 -20 15 0 35 -9 45 -20 14 -16 26 -19 48 -14 19
  4 34 1 47 -11 11 -10 31 -15 48 -14 16 2 41 -3 56 -10 19 -10 32 -11 48 -4 17
  7 29 6 46 -5 18 -12 28 -12 50 -3 22 9 35 9 55 0 21 -10 30 -9 49 3 17 11 29
  13 46 5 16 -7 29 -6 48 4 15 7 40 12 56 10 17 -1 37 4 48 14 13 12 28 15 47
  11 22 -5 34 -2 48 14 10 11 30 20 45 20 15 0 35 9 45 20 10 11 31 20 46 20 19
  0 34 8 45 25 11 17 26 25 44 25 19 0 30 7 38 24 6 14 23 27 40 31 20 4 34 16
  42 34 8 19 21 31 40 34 19 4 30 14 34 31 3 14 19 32 35 41 17 8 31 25 33 37 2
  13 15 29 31 36 18 9 27 21 27 37 0 15 11 32 30 45 22 15 30 30 30 50 0 19 7
  33 20 40 14 8 20 21 20 45 0 24 6 37 20 45 15 8 20 20 18 44 -1 21 5 40 15 51
  13 12 16 26 12 49 -5 24 -2 36 13 49 17 15 18 23 9 46 -8 22 -7 33 6 50 12 18
  13 30 5 51 -6 20 -6 35 2 50 9 16 9 29 0 49 -7 18 -8 36 -2 52 7 17 5 31 -6
  51 -12 21 -13 32 -4 52 9 20 7 27 -9 42 -16 14 -19 26 -14 50 4 23 1 37 -12
  49 -10 11 -16 30 -15 51 2 24 -3 36 -18 44 -14 8 -20 21 -20 45 0 24 -6 37
  -20 45 -13 7 -20 21 -20 40 0 20 -8 35 -30 50 -19 13 -30 30 -30 45 0 16 -9
  28 -27 37 -15 7 -30 24 -33 38 -3 14 -18 31 -33 38 -15 7 -30 24 -33 38 -4 17
  -15 27 -34 31 -19 3 -32 15 -40 34 -8 18 -22 30 -42 34 -17 4 -34 17 -40 31
  -8 17 -19 24 -38 24 -18 0 -33 8 -44 25 -11 17 -26 25 -45 25 -15 0 -36 9 -46
  20 -10 11 -30 20 -45 20 -15 0 -35 9 -45 20 -14 16 -26 19 -48 14 -19 -4 -34
  -1 -47 11 -11 10 -31 15 -48 14 -16 -2 -41 3 -56 10 -19 10 -32 11 -48 4 -17
  -7 -29 -6 -46 5 -18 12 -27 12 -51 2 -21 -8 -35 -9 -49 -1 -27 14 -34 14 -57
  -3z m360 -120 c362 -107 628 -383 720 -751 33 -129 33 -351 0 -480 -46 -183
  -128 -334 -253 -467 -151 -160 -351 -269 -566 -307 -76 -14 -285 -14 -362 0
  -400 71 -718 371 -819 774 -33 129 -33 351 0 480 74 295 263 537 525 674 163
  85 286 112 500 107 143 -3 177 -7 255 -30z"/>
  <path d="M960 2125 c-605 -103 -990 -732 -799 -1308 178 -540 751 -831 1282
  -653 341 115 598 404 674 757 24 112 24 296 0 408 -114 532 -629 886 -1157
  796z m586 -519 c66 -20 164 -84 198 -129 l27 -35 -72 -70 -73 -69 -24 29
  c-107 127 -303 138 -414 24 -56 -58 -81 -118 -86 -211 -7 -134 47 -238 152
  -292 42 -22 64 -27 126 -27 89 0 147 22 212 82 l43 40 25 -20 c14 -11 47 -40
  73 -65 l49 -45 -48 -49 c-163 -166 -454 -195 -649 -65 l-51 33 -42 -38 c-132
  -116 -406 -98 -532 36 l-24 25 70 64 c67 63 69 64 89 46 48 -43 90 -60 147
  -60 49 0 62 4 88 28 40 35 49 78 50 229 0 67 5 146 11 175 39 183 177 328 355
  373 72 18 226 13 300 -9z m-456 -6 c0 -5 -34 -43 -75 -83 -52 -51 -83 -92
  -105 -138 l-30 -64 0 148 0 147 105 0 c62 0 105 -4 105 -10z"/>
  </g>
  </svg>
  <p>
<h1>Hoja de Vida</h1>
<h2>John Alexander Colmenares</h2>
<h3>Bogota- Colombia</h3>
</p>
<ul>
  <li>
  <a href="index.html">Inicio</a>
  <a href="educacion.html"target="_blank">Educacion</a>
<a href="experiencia.html">Experiencia</a>
</li>
</ul>
<p>
<h2>experiencia</h2>
<p>
     <video src="videos\IMG_5412.mov" controls poster="Imagenes\jc.png" width="800" height="600">
  <source src="videos\IMG_5412.mov" type="video/mov">
</video>
</p>
<br>
<p>
    <audio src="audios\PTT-20180107-WA0044.opus" controls autoplay type="audio opus">
</p>
<footer>
johnc412@gmail.com - Telefono 3046414320 Bogota- Colombia
</footer>
  </body>
</html>
